2457120.79111        -41.40     7.00       -37.00     16.00      0.253802   HARPS
2457198.72802        -27.23     2.70       NULL       NULL       0.180709   PFS
2457199.78234        -13.02     2.69       NULL       NULL       0.477334   PFS
2457202.69703        -35.23     2.66       NULL       NULL       0.297357   PFS
2457202.70863        -40.48     2.79       NULL       NULL       0.300620   PFS
2457203.69037        30.37      2.21       NULL       NULL       0.576827   PFS
2457204.74545        28.64      2.29       NULL       NULL       0.873664   PFS
2457206.74234        -7.54      2.25       NULL       NULL       0.435473   PFS
2457224.64150        -21.45     10.00      -4.00      13.00      0.471253   FEROS
2457227.58606        -45.45     10.00      -1.00      11.00      0.299681   FEROS
2457228.64518        12.55      10.00      -31.00     12.00      0.597656   FEROS
2457232.79230        83.55      14.00      -109.00    19.00      0.764415   FEROS
2457233.61616        -17.45     10.00      -36.00     11.00      0.996200   FEROS
2457234.68050        -30.45     12.00      -68.00     17.00      0.295645   FEROS
2457236.57993        31.55      10.00      -13.00     11.00      0.830032   FEROS
2457238.59579        -72.45     12.00      -58.00     17.00      0.397177   FEROS
2457281.55714        2.60       14.00      13.00      18.00      0.484001   HARPS
