*2456728.67093        36.47      20.00      -15.00     21.00      0.020245   Coralie
*2456824.49776        2.34       11.00      28.00      15.00      0.990439   FEROS
2456727.68306        30.47      26.00      -68.00     24.00      0.804065   Coralie
2456729.56328        -55.53     20.00      53.00      21.00      0.215522   Coralie
2456730.66385        -7.53      22.00      -22.00     22.00      0.456364   Coralie
2456731.60391        5.47       28.00      -95.00     24.00      0.662081   Coralie
2456732.66922        24.47      24.00      36.00      22.00      0.895207   Coralie
2457022.78489        -32.78     3.95       NULL       NULL       0.382458   PFS
2457023.80297        3.97       4.82       NULL       NULL       0.605248   PFS
2457024.82262        59.92      5.68       NULL       NULL       0.828382   PFS
2457026.80501        -40.25     3.86       NULL       NULL       0.262197   PFS
2457028.80515        -2.29      4.03       NULL       NULL       0.699898   PFS
2457030.82275        -25.33     4.09       NULL       NULL       0.141417   PFS
2457031.70142        -14.66     10.00      -41.00     12.00      0.333699   FEROS
2457033.65917        80.34      10.00      -48.00     13.00      0.762123   FEROS
2457035.62259        -12.66     10.00      18.00      13.00      0.191786   FEROS
2457036.86387        -31.66     10.00      -11.00     12.00      0.463421   FEROS
2457037.67236        11.34      10.00      7.00       12.00      0.640346   FEROS
2457046.85045        34.34      10.00      -5.00      12.00      0.648827   FEROS
2457049.62879        -27.66     10.00      -5.00      12.00      0.256823   FEROS
2457050.68275        -4.40      4.10       NULL       NULL       0.487466   PFS
2457050.82014        -17.66     10.00      15.00      11.00      0.517531   FEROS
2457050.84380        -6.27      3.95       NULL       NULL       0.522708   PFS
2457051.77885        20.24      3.71       NULL       NULL       0.727329   PFS
2457053.77154        -52.66     10.00      -1.00      12.00      0.163398   FEROS
2457054.73542        -21.86     6.07       NULL       NULL       0.374329   PFS
2457054.75067        -44.62     7.28       NULL       NULL       0.377666   PFS
2457054.84239        -21.66     10.00      43.00      13.00      0.397738   FEROS
2457055.79000        -0.57      4.17       NULL       NULL       0.605108   PFS
2457055.84340        24.34      10.00      -27.00     12.00      0.616792   FEROS
