2456823.69583        58.81      13.00      6.00       18.00      0.704213   FEROS
2457169.57227        35.81      21.00      96.00      28.00      0.741157   FEROS
2457171.58541        -53.19     15.00      -9.00      19.00      0.271030   FEROS
2457188.61909        38.81      13.00      -19.00     19.00      0.754405   FEROS
2457190.55437        -21.19     11.00      -51.00     16.00      0.263783   FEROS
2457192.48301        34.81      12.00      39.00      17.00      0.771415   FEROS
2457224.59573        -37.19     15.00      -52.00     20.00      0.223692   FEROS
2457226.48662        15.81      12.00      -41.00     17.00      0.721388   FEROS
2457228.48803        -54.19     12.00      -32.00     17.00      0.248172   FEROS
2457230.50050        27.81      10.00      -3.00      15.00      0.777866   FEROS
